+-------------------------------------------------------------------------------------------------------------------------------+
|№             |a              |b              |x              |F(a)           |F(b)           |F(x)           ||a - b|        |
+---------------+---------------+---------------+---------------+---------------+---------------+---------------+---------------+
|0              |1,0000         |2,0000         |1,5000         |-1,1100        |1,7800         |0,0425         |1,0000         |
|---------------+---------------+---------------+---------------+---------------+---------------+---------------+---------------|
|1              |1,0000         |1,5000         |1,2500         |-1,1100        |0,0425         |-0,6538        |0,5000         |
|---------------+---------------+---------------+---------------+---------------+---------------+---------------+---------------|
|2              |1,2500         |1,5000         |1,3750         |-0,6538        |0,0425         |-0,3298        |0,2500         |
|---------------+---------------+---------------+---------------+---------------+---------------+---------------+---------------|
|3              |1,3750         |1,5000         |1,4375         |-0,3298        |0,0425         |-0,1489        |0,1250         |
|---------------+---------------+---------------+---------------+---------------+---------------+---------------+---------------|
|4              |1,4375         |1,5000         |1,4688         |-0,1489        |0,0425         |-0,0545        |0,0625         |
|---------------+---------------+---------------+---------------+---------------+---------------+---------------+---------------|
|5              |1,4688         |1,5000         |1,4844         |-0,0545        |0,0425         |-0,0063        |0,0313         |
|---------------+---------------+---------------+---------------+---------------+---------------+---------------+---------------|
|6              |1,4844         |1,5000         |1,4922         |-0,0063        |0,0425         |0,0180         |0,0156         |
|---------------+---------------+---------------+---------------+---------------+---------------+---------------+---------------|
|7              |1,4844         |1,4922         |1,4883         |-0,0063        |0,0180         |0,0059         |0,0078         |
|---------------+---------------+---------------+---------------+---------------+---------------+---------------+---------------|
|8              |1,4844         |1,4883         |1,4863         |-0,0063        |0,0059         |-0,0002        |0,0039         |
|---------------+---------------+---------------+---------------+---------------+---------------+---------------+---------------|
|9              |1,4863         |1,4883         |1,4873         |-0,0002        |0,0059         |0,0028         |0,0020         |
|---------------+---------------+---------------+---------------+---------------+---------------+---------------+---------------|
|10             |1,4863         |1,4873         |1,4868         |-0,0002        |0,0028         |0,0013         |0,0010         |
|---------------+---------------+---------------+---------------+---------------+---------------+---------------+---------------|
